31 28
1111111111111111111111111111
1222222222200110022222222221
1211112111211111121112111121
1222222111222222221112222221
1211112111211111121112111121
1201102222200110022222011021
1211112112111111112112111121
1211112112111111112112111121
1222222112222112222112222221
1211112112112112112112111121
1211112112112112112112111121
1222212222222222222222122221
1211222112111111112112221121
1211222112122222212112221121
1211112222221111222222111121
1211112112122222212112111121
1222222112111111112112222221
1222112112223222222112112231
1112112112111111112112112111
1112112112111111112112112111
1223222222222222222222222221
1211112111211111121112111121
1211112111211111121112111121
1210112222222222222222110121
1210112112111111112112110121
1222112112111111112112112221
1222222112000110002112222221
1211111112111111112111111121
1211111112111111112111111121
1222222222222222222222222221
1111111111111111111111111111
1 1